Initial state:
1 2 3 1 2 1 3 3 1 2 
3 1 2 1 2 1 1 3 1 1 
3 3 2 1 3 2 1 3 2 2 
2 1 3 2 2 3 2 2 1 2 
3 1 1 3 2 2 3 2 1 3 
3 3 2 2 3 3 3 1 2 2 
1 2 1 2 3 1 2 3 3 3 
3 2 1 2 2 2 2 2 3 3 
1 2 3 1 2 3 3 2 1 2 
1 3 2 1 1 3 3 1 1 1 
Generation 1:
2 2 3 2 2 2 2 2 2 1 
2 2 2 2 2 2 2 2 2 2 
2 2 2 2 2 2 2 2 2 2 
3 2 2 2 2 3 2 2 2 2 
2 2 2 2 2 3 2 2 2 2 
2 2 2 2 2 3 2 2 2 3 
3 2 2 2 2 2 2 2 3 2 
2 2 2 2 3 2 3 2 2 3 
2 2 2 2 2 2 2 2 3 2 
2 2 3 2 3 2 3 2 1 1 
Generation 2:
3 3 2 2 3 3 2 2 2 2 
2 3 2 2 3 2 2 2 3 2 
2 3 3 2 3 2 3 2 3 2 
3 2 2 3 2 2 2 2 2 3 
2 3 3 3 2 3 3 3 2 2 
2 3 3 2 3 2 2 2 2 2 
2 2 3 2 2 3 2 2 3 3 
2 2 2 2 2 3 2 2 3 3 
2 2 2 2 3 1 3 2 3 2 
2 3 2 3 2 2 3 2 2 2 
Generation 3:
2 3 2 2 2 3 2 3 3 2 
2 3 2 2 2 2 2 2 3 2 
2 2 2 3 2 3 3 3 2 2 
3 3 3 2 2 3 2 3 2 2 
2 2 3 2 3 2 3 2 3 2 
3 2 3 3 2 3 3 2 2 3 
2 2 2 3 2 2 3 2 2 2 
2 2 3 2 2 2 2 3 3 2 
2 3 3 2 3 3 2 3 2 2 
2 2 3 3 3 2 2 2 2 3 
Generation 4:
2 2 2 3 2 2 3 2 2 2 
2 3 3 2 2 3 2 3 3 3 
3 2 2 2 3 2 3 2 2 1 
2 3 2 2 2 3 3 2 2 2 
3 2 2 3 3 3 2 3 3 2 
2 2 2 2 3 2 3 2 2 2 
2 2 3 2 3 2 2 2 2 3 
2 2 2 2 2 2 2 2 2 2 
3 2 3 3 2 2 3 2 2 2 
2 3 2 3 2 3 3 3 2 2 
Generation 5:
2 3 2 2 2 3 2 3 3 3 
3 2 3 2 2 1 3 2 3 2 
3 3 3 3 2 3 2 2 2 2 
3 3 2 2 3 2 2 2 3 2 
2 2 2 2 3 2 3 2 2 3 
2 3 3 2 3 3 3 2 2 2 
2 2 2 3 3 2 3 3 3 2 
2 2 3 2 3 3 2 1 3 3 
1 3 3 2 2 2 3 2 2 2 
2 3 3 2 3 3 3 2 2 3 
Generation 6:
3 2 3 2 2 2 3 2 3 2 
2 3 3 2 2 3 2 3 2 3 
3 3 3 2 3 2 2 2 3 2 
2 2 2 2 3 2 2 3 3 3 
2 2 2 2 3 3 3 2 2 2 
3 2 2 3 3 3 3 2 2 2 
3 2 3 2 3 3 2 3 2 2 
2 2 2 3 2 3 3 2 2 2 
2 2 3 2 3 3 2 2 2 3 
3 3 2 3 3 3 2 2 2 2 
Generation 7:
2 3 3 2 2 3 2 3 3 3 
3 2 3 2 2 2 3 2 3 2 
3 3 2 2 2 2 2 3 3 3 
2 2 2 2 3 2 2 2 3 2 
2 1 2 2 3 3 2 2 2 3 
2 2 2 2 3 3 2 2 2 2 
2 3 2 3 2 3 3 2 2 3 
3 2 3 3 3 3 2 2 2 2 
2 2 2 3 2 3 2 2 2 2 
2 3 3 2 3 2 2 2 2 2 
Generation 8:
3 2 3 2 2 3 3 2 3 3 
3 3 2 3 1 2 3 3 3 3 
3 3 2 2 3 2 2 2 3 3 
2 2 2 3 2 2 3 2 2 3 
2 3 2 2 3 2 2 2 2 2 
3 2 3 2 2 3 2 3 2 3 
3 2 3 2 3 3 3 2 2 2 
2 3 2 3 3 3 2 2 2 2 
2 2 3 2 3 2 2 3 2 3 
2 2 2 3 2 3 3 2 3 3 
Generation 9:
2 3 2 3 2 2 3 3 3 3 
3 2 3 2 2 2 2 3 3 3 
3 2 2 3 2 2 3 2 2 3 
2 3 2 2 3 2 2 2 2 2 
2 3 2 2 3 2 3 2 2 2 
2 3 2 3 3 3 3 2 3 2 
3 3 2 3 2 3 2 2 3 2 
2 3 3 2 3 2 2 2 2 2 
2 2 2 3 2 3 2 2 3 2 
2 1 3 2 3 2 2 3 2 3 
Generation 10:
3 2 3 2 2 2 3 3 3 3 
2 3 3 3 2 2 3 2 3 3 
2 2 2 3 2 3 2 2 2 2 
2 3 2 2 3 2 2 2 3 2 
2 3 2 2 2 3 2 2 2 2 
2 3 3 2 3 3 2 3 3 3 
2 3 3 2 3 2 2 2 2 2 
2 2 3 3 2 3 2 2 3 3 
2 2 3 3 3 3 2 2 2 2 
2 2 2 3 2 2 2 2 3 2 
Generation 11:
3 3 2 3 2 2 2 3 3 3 
3 2 3 2 2 2 2 3 2 2 
2 3 2 2 3 1 2 2 3 3 
2 2 3 2 3 3 2 2 2 3 
2 3 2 2 3 2 2 2 3 3 
2 3 2 2 2 2 3 3 3 2 
2 2 3 3 2 3 2 2 3 3 
2 2 3 2 3 2 2 2 2 2 
2 3 2 3 3 2 2 3 3 3 
2 2 3 3 2 3 2 2 2 2 
Generation 12:
3 3 3 2 2 2 2 2 3 3 
2 3 3 2 2 2 2 2 3 3 
3 3 3 2 2 2 2 2 2 2 
2 3 3 2 3 2 3 3 3 3 
2 3 2 2 2 2 2 2 2 2 
3 2 2 3 3 2 3 3 3 3 
3 2 2 3 3 2 2 2 2 3 
1 2 2 3 2 2 2 2 3 3 
3 2 3 2 2 2 3 3 3 2 
2 3 2 3 3 3 2 2 3 3 
Generation 13:
3 3 2 2 2 2 3 3 3 3 
3 3 3 2 3 3 2 2 2 2 
2 3 3 3 3 3 2 2 3 3 
3 3 2 3 2 3 2 3 3 2 
2 2 2 3 3 3 3 2 3 3 
2 2 2 2 2 2 2 3 2 3 
2 2 3 3 2 2 2 2 3 3 
3 2 2 2 2 2 2 2 2 2 
2 3 2 3 3 2 3 3 3 3 
3 3 3 2 2 3 2 2 3 2 
Generation 14:
3 3 3 3 2 3 2 3 3 2 
2 3 2 3 2 2 2 3 3 3 
3 3 3 3 3 3 3 2 2 2 
2 2 3 2 3 2 3 3 3 3 
2 2 2 2 3 3 3 3 2 2 
2 1 2 3 3 2 2 2 3 2 
2 2 2 2 2 2 2 2 2 2 
2 2 2 3 2 1 2 2 3 3 
3 2 3 3 2 3 2 3 3 2 
2 3 2 2 2 3 3 3 3 3 
Generation 15:
3 3 3 2 3 2 3 3 3 3 
3 3 3 2 2 3 2 2 3 2 
2 3 3 3 3 3 2 3 3 3 
2 2 2 3 2 3 3 3 3 2 
2 2 2 2 3 3 3 2 3 3 
2 3 3 2 2 2 2 2 2 2 
2 2 2 3 3 2 2 3 3 3 
2 3 2 3 2 3 3 2 2 3 
3 3 2 2 2 3 3 2 3 3 
3 2 3 3 2 3 2 3 3 2 
Generation 16:
3 3 3 3 3 3 2 3 3 3 
2 3 3 2 3 3 2 3 3 3 
3 2 3 3 3 3 3 2 3 2 
1 2 2 2 3 3 3 3 3 3 
2 3 2 2 2 3 2 3 2 2 
3 2 2 2 2 3 2 3 2 3 
2 2 2 2 2 2 2 3 3 2 
3 2 3 2 3 2 2 2 3 2 
3 2 2 3 2 3 2 3 2 3 
3 3 2 3 3 2 3 2 3 3 
Generation 17:
3 3 3 3 3 2 3 2 3 3 
3 2 3 3 3 3 3 2 3 2 
2 3 2 2 3 3 2 3 2 3 
2 2 3 2 2 3 3 3 3 2 
2 1 3 2 2 3 3 3 2 3 
2 2 2 2 3 2 3 2 3 2 
2 2 3 2 3 2 2 2 2 2 
3 3 2 3 3 2 2 3 2 3 
3 2 2 3 3 3 3 2 3 2 
3 2 3 3 2 3 2 3 2 3 
Generation 18:
3 3 3 3 2 3 2 3 2 3 
3 3 2 3 3 3 2 3 3 3 
3 3 3 2 2 3 3 2 3 3 
1 2 2 2 2 3 3 3 3 3 
2 3 2 2 2 2 3 2 3 3 
2 2 3 2 2 3 3 3 3 2 
2 2 2 3 2 2 2 2 2 2 
3 2 3 2 3 2 2 3 3 3 
3 2 2 3 3 3 2 3 2 3 
3 3 2 3 3 3 3 3 3 2 
Generation 19:
3 3 3 3 3 3 3 3 3 2 
3 3 3 2 3 3 3 2 3 3 
3 3 2 2 2 3 2 3 3 3 
2 3 2 2 2 2 3 3 3 3 
3 2 2 2 2 3 3 3 3 2 
2 2 2 2 3 2 3 3 2 2 
2 3 3 2 2 2 2 2 3 3 
2 3 2 3 2 2 2 2 3 3 
3 2 2 2 3 2 3 2 3 2 
3 2 3 3 3 3 2 3 2 3 
Generation 20:
3 3 3 3 3 3 3 3 2 3 
3 3 2 3 2 3 2 3 3 3 
3 3 2 3 2 3 3 2 3 3 
3 3 3 2 3 3 2 3 3 2 
2 2 2 2 2 2 3 3 2 3 
3 2 3 2 2 3 2 2 3 2 
2 2 2 2 3 2 2 2 2 2 
3 2 3 3 2 2 2 2 3 2 
3 2 2 3 2 3 1 3 2 3 
3 3 2 3 3 2 3 2 3 2 
Generation 21:
3 3 3 3 3 3 3 2 3 2 
3 3 3 3 3 2 3 2 3 3 
3 3 3 2 3 3 3 3 3 3 
2 3 2 3 2 2 3 2 2 3 
3 2 3 2 2 3 3 2 3 2 
2 2 3 2 2 2 2 2 2 3 
2 2 2 2 2 2 3 2 3 2 
3 3 2 2 2 2 3 2 2 3 
3 2 2 3 3 2 3 2 3 3 
3 2 3 3 2 3 3 3 3 3 
Generation 22:
3 3 3 3 3 3 3 3 3 3 
3 3 3 3 3 3 2 3 3 3 
3 3 2 3 2 3 3 3 3 3 
3 2 3 2 2 3 2 2 3 2 
2 3 2 2 2 2 2 3 1 3 
2 2 2 2 3 3 3 2 3 3 
2 2 2 2 3 2 2 2 2 3 
3 2 2 2 2 3 2 2 3 2 
3 2 2 2 2 3 3 3 2 3 
3 3 2 3 3 2 3 3 3 3 
Generation 23:
3 3 3 3 3 3 3 3 3 3 
3 3 3 3 3 3 3 3 3 3 
3 2 3 2 3 3 2 3 3 3 
2 3 3 2 2 2 2 3 2 3 
3 3 2 2 2 2 2 2 3 2 
2 2 2 2 2 3 2 3 2 3 
2 2 3 3 2 3 3 2 3 3 
2 2 2 2 2 2 2 2 1 3 
3 2 2 2 2 2 3 2 3 2 
3 2 3 2 2 3 3 3 3 3 
Generation 24:
3 3 3 3 3 3 3 3 3 3 
3 3 3 3 3 3 3 3 3 3 
2 3 3 3 2 2 3 3 3 3 
3 2 2 3 2 2 2 2 3 2 
2 2 2 3 2 3 3 3 2 3 
2 3 2 2 2 2 3 2 3 2 
2 2 3 2 3 2 2 3 2 3 
2 2 2 2 2 2 3 2 3 2 
2 3 2 2 2 2 3 3 2 3 
3 3 2 2 2 2 3 3 3 3 
Generation 25:
3 3 3 3 3 3 3 3 3 3 
3 3 3 3 3 3 3 3 3 3 
3 2 3 3 2 2 2 3 3 2 
2 2 2 3 2 2 3 3 2 3 
2 2 2 2 3 2 3 2 3 3 
3 3 2 3 2 2 2 3 2 3 
3 2 2 3 2 2 3 2 3 1 
3 3 2 2 2 2 2 3 2 3 
3 2 2 2 2 2 3 2 3 2 
3 3 2 2 2 2 3 3 3 3 
Generation 26:
3 3 3 3 3 3 3 3 3 3 
3 3 3 3 3 3 3 3 3 3 
2 3 2 3 2 3 3 3 2 3 
2 2 2 2 2 2 2 2 3 2 
2 3 2 3 2 3 2 3 2 3 
3 2 2 2 2 2 3 3 3 2 
3 3 3 3 3 3 2 3 2 3 
3 3 2 3 2 1 3 2 3 2 
3 3 2 1 2 2 2 3 2 3 
3 2 2 3 3 2 3 3 3 3 
Generation 27:
3 3 3 3 3 3 3 3 3 3 
3 3 3 3 3 3 3 3 3 3 
3 3 3 2 3 2 3 2 3 2 
3 3 2 3 2 3 2 3 2 3 
3 2 2 2 2 2 3 3 3 2 
2 3 2 3 2 3 2 3 2 3 
3 3 3 3 3 2 3 2 3 2 
3 3 3 2 2 2 2 3 2 3 
3 2 2 3 2 2 3 2 3 2 
3 3 2 2 2 3 2 3 3 3 
Generation 28:
3 3 3 3 3 3 3 3 3 3 
3 3 3 3 3 3 3 3 3 3 
3 3 2 3 2 3 2 3 2 3 
3 2 3 3 3 3 3 2 3 2 
2 3 3 2 3 3 2 3 2 3 
3 2 3 2 3 3 3 2 3 2 
2 3 3 3 2 3 2 3 2 3 
3 3 2 3 2 3 3 2 3 2 
3 3 2 3 2 2 2 3 2 3 
3 2 2 3 2 2 3 2 3 3 
Generation 29:
3 3 3 3 3 3 3 3 3 3 
3 3 3 3 3 3 3 3 3 3 
3 2 3 3 3 3 3 2 3 2 
2 3 2 3 3 3 2 3 2 3 
3 2 3 3 3 3 3 3 3 2 
2 3 3 3 2 3 2 3 2 3 
3 2 3 2 3 3 3 2 3 2 
2 3 3 3 3 2 2 3 3 3 
3 2 2 2 2 2 3 3 3 2 
3 3 2 3 2 2 2 3 2 3 
Generation 30:
3 3 3 3 3 3 3 3 3 3 
3 3 3 3 3 3 3 3 3 3 
2 3 2 3 3 3 2 3 2 3 
3 2 3 3 3 3 3 2 3 2 
2 3 2 3 3 3 3 3 2 3 
3 2 3 2 3 3 3 2 3 3 
3 3 2 3 2 3 2 3 2 3 
3 2 3 3 2 2 3 2 3 2 
3 3 2 3 2 2 2 3 2 3 
3 2 3 2 2 2 3 3 3 2 
Generation 31:
3 3 3 3 3 3 3 3 3 3 
3 3 3 3 3 3 3 3 3 3 
3 2 3 3 3 3 3 3 3 2 
3 3 3 3 3 3 2 3 2 3 
3 2 3 2 3 3 3 2 3 3 
2 3 2 3 2 3 2 3 2 3 
3 3 3 2 3 3 3 2 3 2 
2 3 2 3 3 2 2 3 2 3 
3 2 3 2 3 2 3 3 3 2 
3 3 3 3 2 2 2 3 2 3 
Generation 32:
3 3 3 3 3 3 3 3 3 3 
3 3 3 3 3 3 3 3 3 3 
3 3 3 3 3 3 3 3 2 3 
3 3 3 3 3 3 3 3 3 2 
2 3 3 3 2 3 2 3 3 3 
3 2 3 2 3 3 3 2 3 2 
3 3 2 3 2 3 2 3 2 3 
3 2 3 2 3 2 3 2 3 1 
3 3 2 3 3 3 2 3 2 3 
3 3 3 2 3 2 3 2 3 2 
Generation 33:
3 3 3 3 3 3 3 3 3 3 
3 3 3 3 3 3 3 3 3 3 
3 3 3 3 3 3 3 3 3 2 
2 3 3 3 3 3 3 3 2 3 
3 2 3 2 3 3 3 2 3 2 
2 3 2 3 2 3 2 3 3 3 
3 3 3 2 3 3 3 2 3 2 
3 3 2 3 2 3 1 3 2 3 
3 2 3 2 3 2 3 2 3 2 
3 3 2 3 3 3 2 3 2 3 
Generation 34:
3 3 3 3 3 3 3 3 3 3 
3 3 3 3 3 3 3 3 3 3 
2 3 3 3 3 3 3 3 2 3 
3 2 3 3 3 3 3 2 3 3 
2 3 2 3 2 3 2 3 3 3 
3 2 3 3 3 3 3 3 3 3 
2 3 2 3 3 3 2 3 3 3 
3 2 3 2 3 2 3 2 3 2 
3 3 3 3 2 3 2 3 2 3 
3 2 3 2 3 2 3 2 3 2 
Generation 35:
3 3 3 3 3 3 3 3 3 3 
3 3 3 3 3 3 3 3 3 3 
3 2 3 3 3 3 3 2 3 3 
2 3 2 3 3 3 2 3 2 3 
3 1 3 3 3 2 3 2 3 3 
2 3 2 3 3 3 3 3 3 3 
3 2 3 2 3 2 3 2 3 2 
2 3 2 3 2 3 3 3 2 3 
3 3 3 2 3 2 3 2 3 2 
3 3 3 3 2 3 2 3 3 3 
Generation 36:
3 3 3 3 3 3 3 3 3 3 
3 3 3 3 3 3 3 3 3 3 
2 3 2 3 3 3 2 3 2 3 
3 3 3 3 3 2 3 3 3 3 
3 3 2 3 3 3 2 3 2 3 
3 2 3 2 3 2 3 2 3 2 
3 3 2 3 2 3 3 3 2 3 
3 3 3 2 3 3 3 3 3 3 
2 3 2 3 2 3 3 3 2 3 
3 3 3 2 3 2 3 2 3 3 
Generation 37:
3 3 3 3 3 3 3 3 3 3 
3 3 3 3 3 3 3 3 3 3 
3 2 3 3 3 2 3 3 3 3 
3 3 3 3 3 3 2 3 3 3 
3 2 3 2 3 2 3 2 3 2 
3 3 2 3 3 3 2 3 2 3 
3 2 3 2 3 2 3 2 3 2 
3 3 2 3 2 3 3 3 3 3 
3 3 3 3 3 2 3 2 3 2 
3 3 2 3 2 3 3 3 2 3 
Generation 38:
3 3 3 3 3 3 3 3 3 3 
3 3 3 3 3 3 3 3 3 3 
3 3 3 3 3 3 2 3 3 3 
3 3 3 3 3 2 3 2 3 3 
2 3 3 3 3 3 2 3 2 3 
3 2 3 2 3 2 3 2 3 2 
3 3 3 3 2 3 2 3 2 3 
3 2 3 2 3 2 3 3 3 3 
3 3 3 3 2 3 3 3 3 3 
3 3 3 3 3 2 3 2 3 2 
Generation 39:
3 3 3 3 3 3 3 3 3 3 
3 3 3 3 3 3 3 3 3 3 
3 3 3 3 3 2 3 2 3 3 
3 3 3 3 3 3 2 3 2 3 
3 2 3 3 3 2 3 3 3 3 
2 3 3 3 2 3 2 3 2 3 
3 3 3 2 3 3 3 2 3 2 
3 3 3 3 3 3 2 3 3 3 
3 3 3 2 3 2 3 3 3 3 
3 3 3 3 2 3 3 3 3 3 
Generation 40:
3 3 3 3 3 3 3 3 3 3 
3 3 3 3 3 3 3 3 3 3 
3 3 3 3 3 3 2 3 2 3 
3 3 3 3 3 2 3 2 3 3 
2 3 3 3 2 3 2 3 2 3 
3 2 3 2 3 2 3 3 3 3 
2 3 3 3 2 3 2 3 2 3 
3 3 3 3 3 2 3 2 3 3 
3 3 3 3 2 3 2 3 3 3 
3 3 3 2 3 2 3 3 3 3 
Generation 41:
3 3 3 3 3 3 3 3 3 3 
3 3 3 3 3 3 3 3 3 3 
3 3 3 3 3 2 3 3 3 3 
3 3 3 3 2 3 2 3 2 3 
3 2 3 2 3 2 3 3 3 3 
2 3 2 3 2 3 2 3 2 3 
3 2 3 2 3 2 3 2 3 2 
3 3 3 3 2 3 2 3 2 3 
3 3 3 2 3 3 3 2 3 3 
3 3 3 3 2 3 2 3 3 3 
Generation 42:
3 3 3 3 3 3 3 3 3 3 
3 3 3 3 3 3 3 3 3 3 
3 3 3 3 2 3 2 3 3 3 
3 3 3 2 3 2 3 2 3 3 
2 3 3 3 2 3 2 3 3 3 
3 2 3 2 3 1 3 2 3 2 
2 3 2 3 2 3 2 3 3 3 
3 3 3 2 3 2 3 2 3 2 
3 3 3 3 2 3 2 3 2 3 
3 3 3 2 3 2 3 2 3 3 
Generation 43:
3 3 3 3 3 3 3 3 3 3 
3 3 3 3 3 3 3 3 3 3 
3 3 3 2 3 2 3 2 3 3 
3 3 3 3 2 3 3 3 3 3 
3 2 3 2 3 2 3 2 3 2 
3 3 2 3 2 3 2 3 3 3 
3 2 3 2 3 2 3 2 3 2 
2 3 2 3 1 3 3 3 2 3 
3 3 3 2 3 2 3 2 3 2 
3 3 3 3 3 3 2 3 2 3 
Generation 44:
3 3 3 3 3 3 3 3 3 3 
3 3 3 3 3 3 3 3 3 3 
3 3 3 3 2 3 3 3 3 3 
3 3 3 2 3 3 3 2 3 3 
3 3 2 3 2 3 2 3 3 3 
3 2 3 2 3 2 3 2 3 3 
3 3 2 3 2 3 3 3 2 3 
3 2 3 2 3 2 3 2 3 2 
2 3 2 3 2 3 2 3 2 3 
3 3 3 3 3 2 3 2 3 2 
Generation 45:
3 3 3 3 3 3 3 3 3 3 
3 3 3 3 3 3 3 3 3 3 
3 3 3 2 3 3 3 3 3 3 
3 3 2 3 2 3 2 3 3 3 
3 2 3 2 3 2 3 2 3 3 
3 3 2 3 2 3 2 3 2 3 
3 3 3 2 3 2 3 3 3 2 
2 3 3 3 2 3 2 3 1 3 
3 2 3 2 3 2 3 2 3 2 
2 3 3 3 2 3 2 3 2 3 
Generation 46:
3 3 3 3 3 3 3 3 3 3 
3 3 3 3 3 3 3 3 3 3 
3 3 2 3 2 3 3 3 3 3 
3 2 3 3 3 2 3 2 3 3 
3 3 2 3 2 3 3 3 2 3 
3 2 3 3 3 2 3 2 3 2 
2 3 2 3 3 3 2 3 2 3 
3 2 3 2 3 2 3 2 3 2 
3 3 3 3 3 3 2 3 2 3 
3 2 3 2 3 3 3 3 3 2 
Generation 47:
3 3 3 3 3 3 3 3 3 3 
3 3 3 3 3 3 3 3 3 3 
3 2 3 3 3 2 3 3 3 3 
3 3 2 3 2 3 2 3 2 3 
3 3 3 3 3 2 3 2 3 2 
2 3 2 3 2 3 3 3 2 3 
3 3 3 2 3 2 3 3 3 2 
2 3 3 3 2 3 2 3 3 3 
3 3 3 3 3 2 3 3 3 2 
2 3 3 3 3 3 3 3 2 3 
Generation 48:
3 3 3 3 3 3 3 3 3 3 
3 3 3 3 3 3 3 3 3 3 
3 3 2 3 2 3 2 3 3 3 
3 2 3 3 3 3 3 2 3 2 
2 3 3 3 2 3 2 3 2 3 
3 2 3 2 3 2 3 2 3 2 
2 3 2 3 2 3 2 3 2 3 
3 3 3 2 3 2 3 3 3 2 
2 3 3 3 2 3 2 3 2 3 
3 3 3 3 3 3 3 3 3 2 
Generation 49:
3 3 3 3 3 3 3 3 3 3 
3 3 3 3 3 3 3 3 3 3 
3 2 3 2 3 3 3 2 3 3 
2 3 2 3 3 3 2 3 3 3 
3 2 3 2 3 2 3 2 3 2 
2 3 2 3 3 3 3 3 1 3 
3 2 3 3 3 2 3 3 3 2 
2 3 2 3 2 3 2 3 2 3 
3 3 3 2 3 2 3 3 3 3 
2 3 3 3 3 3 3 3 2 3 
Generation 50:
3 3 3 3 3 3 3 3 3 3 
3 3 3 3 3 3 3 3 3 3 
2 3 2 3 3 3 2 3 3 3 
3 2 3 2 3 2 3 2 3 2 
2 3 2 3 3 3 2 3 2 3 
3 2 3 2 3 3 3 2 3 2 
1 3 2 3 2 3 2 3 2 3 
3 2 3 2 3 2 3 3 3 2 
3 3 2 3 2 3 2 3 3 3 
3 3 3 3 3 3 3 3 3 2 
