Initial state:
1 2 1 1 2 2 3 2 1 1 
3 1 1 2 3 3 3 2 2 1 
2 1 3 2 1 2 1 2 3 3 
1 1 3 2 2 3 2 2 2 1 
1 2 1 1 2 1 2 2 3 3 
2 1 3 1 1 1 2 2 3 1 
1 1 1 2 2 2 2 1 2 2 
1 1 2 3 2 2 2 2 1 1 
2 1 3 3 2 3 3 3 1 2 
2 3 3 2 2 1 3 1 1 2 
Generation 1:
2 2 2 3 2 2 3 2 2 2 
2 2 2 2 2 3 2 2 2 2 
2 2 2 2 2 2 2 3 3 2 
2 2 2 2 2 2 2 2 3 3 
2 1 3 2 2 2 2 2 2 2 
1 2 1 2 2 2 2 2 2 2 
2 1 2 2 3 2 2 2 2 2 
2 2 2 3 3 2 2 2 2 1 
2 2 2 2 3 2 3 2 2 2 
2 2 2 2 2 2 2 2 2 2 
Generation 2:
2 2 2 2 2 2 2 3 2 3 
2 3 3 2 2 3 2 2 3 3 
1 2 3 1 2 3 3 2 2 2 
3 3 2 3 2 2 3 2 2 3 
2 2 2 2 3 2 3 3 2 3 
2 1 2 2 2 2 2 3 2 2 
2 3 2 2 2 2 2 3 2 2 
2 2 3 2 3 2 3 2 3 3 
2 2 2 2 2 3 2 2 1 2 
2 3 2 2 2 3 3 2 2 2 
Generation 3:
3 3 3 2 3 2 2 2 3 3 
3 3 2 2 2 2 2 2 2 2 
2 3 2 2 2 2 2 2 2 3 
3 2 3 2 2 2 3 2 2 2 
2 2 2 2 3 2 2 2 2 2 
2 2 2 1 2 3 2 3 2 3 
2 2 2 2 3 2 2 2 2 2 
2 2 3 2 1 3 2 3 2 2 
2 3 2 3 2 2 3 2 3 2 
2 3 2 2 2 2 2 2 3 3 
Generation 4:
3 3 3 2 3 2 2 2 2 3 
2 3 2 3 2 3 3 3 2 3 
3 2 2 2 1 2 2 2 2 2 
2 3 3 3 2 2 2 2 3 2 
2 3 2 2 2 2 2 3 2 3 
3 2 2 3 3 3 3 3 2 2 
3 2 2 2 2 3 2 3 2 2 
2 2 2 2 2 2 3 2 2 3 
2 2 3 2 2 2 3 3 2 2 
3 3 2 2 2 3 2 2 3 2 
Generation 5:
3 3 2 3 2 3 2 3 2 2 
3 2 3 2 3 2 2 3 3 2 
3 3 2 3 2 2 2 2 2 2 
2 2 3 2 2 1 3 2 2 2 
3 2 2 3 2 2 2 2 3 2 
3 2 2 2 2 3 2 3 2 2 
2 2 3 2 2 2 3 2 2 2 
2 3 2 2 2 2 2 3 3 2 
2 2 2 2 2 2 2 2 2 3 
2 2 3 2 2 2 2 2 2 3 
Generation 6:
2 2 3 2 3 2 3 2 2 2 
3 3 2 3 2 2 2 2 2 3 
2 3 3 3 2 2 2 3 2 2 
3 2 2 3 3 3 2 2 2 2 
2 3 2 3 2 3 2 2 2 3 
2 2 2 2 3 2 3 2 2 3 
2 2 3 2 3 2 2 3 2 1 
2 2 2 2 3 3 2 2 2 2 
2 2 3 3 3 2 1 2 2 3 
2 2 2 2 2 2 2 2 2 2 
Generation 7:
2 2 3 3 2 2 2 3 2 2 
2 2 3 2 2 2 2 3 2 2 
3 2 2 3 2 2 2 2 2 2 
3 3 2 3 3 2 2 3 3 2 
3 3 2 2 3 3 2 3 2 2 
2 2 2 2 2 3 3 2 3 3 
2 2 2 3 3 2 2 1 3 3 
2 3 3 2 3 2 2 2 2 2 
3 3 2 3 2 2 2 3 2 3 
3 2 3 2 3 3 3 3 2 2 
Generation 8:
2 2 3 2 2 3 2 2 2 2 
2 2 2 3 2 2 2 2 3 2 
2 2 2 2 2 3 2 3 2 2 
3 2 3 2 2 2 2 2 2 3 
2 2 2 2 2 2 3 2 3 2 
2 2 2 2 3 2 2 3 2 2 
3 2 2 2 2 2 2 2 2 2 
2 2 3 3 2 2 2 2 3 2 
3 2 3 3 3 2 2 2 3 2 
3 3 3 3 2 3 3 3 2 2 
Generation 9:
2 2 2 3 2 2 2 2 2 2 
3 2 2 3 2 2 1 2 3 3 
2 2 3 3 2 2 3 2 2 2 
2 3 2 2 3 2 2 2 2 3 
3 2 2 2 2 3 3 3 1 2 
2 2 2 2 2 2 2 2 2 2 
2 2 2 2 2 2 2 2 2 2 
3 2 2 2 2 2 2 2 2 3 
2 3 3 3 2 2 2 2 2 3 
2 2 3 2 3 2 3 2 2 2 
Generation 10:
2 3 2 2 2 2 2 2 3 3 
2 2 2 2 3 2 2 2 2 3 
2 2 2 2 2 2 2 2 3 2 
3 2 2 2 3 2 2 2 2 2 
2 2 3 2 2 2 3 2 2 2 
2 2 3 1 2 2 3 3 2 2 
2 2 2 2 2 3 2 2 3 2 
2 2 2 2 3 2 2 2 3 2 
3 2 3 2 2 3 2 3 2 2 
2 2 2 3 2 3 2 2 2 2 
Generation 11:
3 2 2 2 2 3 3 2 2 2 
2 2 3 2 2 3 2 2 3 2 
2 3 2 2 3 3 3 2 2 2 
2 2 3 2 2 2 3 2 2 3 
2 2 2 2 2 2 2 2 2 2 
1 2 2 2 2 2 2 2 2 3 
1 2 2 2 2 3 2 2 3 2 
2 2 3 2 2 3 2 2 3 2 
2 2 2 2 2 2 3 3 2 2 
2 3 2 1 3 2 3 2 2 2 
Generation 12:
2 2 2 2 2 2 2 3 2 2 
3 2 2 3 2 3 3 2 3 2 
2 2 3 2 3 3 2 2 3 2 
3 2 2 2 2 2 2 2 2 3 
2 2 2 3 2 2 2 2 3 3 
2 3 3 3 2 3 3 2 2 2 
2 3 3 2 2 2 3 2 2 2 
2 2 3 3 2 2 2 2 2 2 
2 3 2 3 2 2 2 3 2 2 
2 2 2 3 3 3 2 2 2 2 
Generation 13:
2 3 3 3 2 3 2 3 2 2 
3 3 2 2 3 2 3 3 2 3 
3 2 2 3 2 2 2 3 2 2 
2 2 2 3 2 2 2 3 3 2 
2 2 2 2 3 2 3 2 2 2 
2 2 3 2 3 3 2 2 2 2 
2 2 3 3 2 2 2 2 3 2 
3 3 2 2 2 2 2 3 2 2 
2 3 3 3 2 2 2 2 2 2 
1 2 2 2 2 3 2 3 3 2 
Generation 14:
2 2 2 3 3 2 3 2 2 3 
3 2 2 3 3 3 3 3 3 3 
2 2 3 2 2 2 2 3 2 2 
2 2 2 2 2 2 2 2 2 3 
2 3 3 2 2 3 3 2 2 2 
2 3 3 3 2 2 2 2 2 2 
2 2 2 3 2 2 2 2 2 2 
3 2 3 3 2 2 3 2 2 2 
2 2 3 2 2 2 3 3 2 2 
3 3 3 3 2 2 3 2 2 3 
Generation 15:
3 2 2 3 2 3 3 2 2 3 
2 2 2 2 3 2 3 3 3 3 
2 2 2 2 2 2 2 2 2 2 
3 2 2 2 2 3 2 2 3 2 
2 2 2 2 2 3 2 2 2 2 
2 2 3 2 2 2 2 2 2 2 
2 2 3 3 2 2 2 2 2 3 
3 3 2 2 2 2 2 2 2 2 
3 2 3 3 2 2 3 3 2 2 
2 2 3 2 2 2 3 2 3 2 
Generation 16:
2 2 2 3 3 2 3 2 3 2 
2 2 3 2 2 3 2 3 2 2 
3 3 2 3 2 2 2 2 3 2 
3 2 2 2 2 2 2 3 2 3 
2 2 2 2 2 2 2 3 2 3 
2 2 3 2 2 2 2 2 2 2 
2 2 2 3 2 2 2 2 2 3 
2 2 3 3 3 3 3 2 2 2 
2 3 2 2 2 3 2 3 2 2 
3 2 2 3 2 2 2 3 2 2 
Generation 17:
2 2 2 2 2 3 1 3 2 2 
2 2 2 3 2 2 3 2 3 3 
2 2 3 2 2 3 2 3 2 3 
2 2 2 3 2 2 2 2 3 2 
2 2 2 2 2 3 2 3 3 2 
2 2 1 2 2 2 2 3 2 3 
3 3 3 2 2 3 2 3 2 3 
2 2 2 3 3 3 2 2 2 2 
2 2 2 2 2 3 3 2 2 3 
2 2 2 2 2 2 2 3 2 2 
Generation 18:
1 2 3 2 3 2 3 2 2 2 
2 3 2 2 3 3 2 3 2 2 
2 2 3 3 3 2 3 2 3 3 
1 3 2 3 3 3 2 3 3 2 
3 2 2 2 2 3 2 2 2 2 
2 2 2 3 3 3 3 2 3 2 
3 3 2 2 2 2 2 2 3 2 
2 2 2 2 3 3 2 3 2 3 
3 3 3 2 2 2 2 2 2 2 
3 2 2 3 2 3 2 2 2 3 
Generation 19:
3 2 3 3 3 3 2 2 3 2 
2 2 3 2 3 2 3 3 2 2 
2 3 2 3 3 3 3 3 2 2 
2 3 3 2 3 2 3 3 2 2 
2 2 3 3 3 3 2 3 3 2 
3 2 3 2 3 3 3 3 3 2 
2 2 2 2 2 2 3 2 3 3 
3 2 2 3 2 2 2 3 3 2 
2 3 2 2 3 2 3 3 1 3 
2 2 3 3 3 3 2 2 2 3 
Generation 20:
2 2 3 3 3 2 2 2 2 3 
3 2 2 3 3 3 2 2 2 2 
2 3 3 3 3 2 3 3 2 1 
2 2 2 3 3 3 2 3 2 2 
2 2 3 3 3 2 3 3 2 2 
3 3 2 3 2 3 3 3 3 3 
3 2 2 2 3 2 2 3 3 2 
2 2 2 3 2 2 3 2 2 3 
3 2 2 3 2 3 2 2 3 2 
2 2 2 3 3 2 2 2 2 2 
Generation 21:
2 2 2 3 3 2 2 2 2 3 
2 2 3 3 3 2 2 2 2 2 
2 2 2 3 3 3 2 2 2 2 
3 2 3 3 3 2 3 3 2 3 
3 2 2 3 2 3 2 3 2 2 
3 2 3 2 3 2 3 3 3 3 
3 2 3 3 3 2 3 2 2 3 
3 2 2 2 2 2 3 2 3 3 
2 2 2 2 3 2 2 2 2 3 
2 2 2 3 2 2 3 2 2 2 
Generation 22:
2 3 2 3 2 2 2 2 2 1 
3 3 2 3 3 2 2 3 3 2 
3 3 3 3 3 2 2 2 3 3 
2 3 2 3 2 3 2 2 3 2 
3 3 3 2 3 3 3 3 2 3 
3 3 2 3 3 3 2 3 3 3 
3 3 2 3 2 3 3 2 3 3 
2 2 2 2 3 3 2 2 3 3 
2 2 3 2 2 2 3 2 2 2 
3 2 3 2 3 2 2 2 2 3 
Generation 23:
3 2 3 2 3 2 2 3 2 2 
2 3 3 3 2 2 2 2 2 3 
3 3 2 3 2 2 3 2 3 3 
3 3 3 3 3 2 2 2 2 3 
3 3 3 3 2 3 2 2 3 2 
3 3 3 2 3 3 3 2 3 3 
3 2 3 3 3 3 2 3 3 3 
2 2 2 2 2 2 3 2 2 2 
2 2 2 3 3 2 2 2 2 3 
2 3 2 3 2 2 3 3 3 2 
Generation 24:
2 3 2 3 3 2 2 2 2 2 
3 2 3 2 2 1 2 3 2 3 
3 3 3 3 2 3 3 3 2 3 
3 3 3 3 2 2 2 2 3 2 
3 3 3 2 3 2 2 2 3 3 
3 3 3 3 2 3 2 3 3 3 
2 3 2 3 3 2 3 2 3 3 
2 3 2 3 3 2 2 2 2 3 
3 2 2 2 2 3 2 2 2 2 
2 3 3 2 3 2 2 3 2 2 
Generation 25:
2 2 3 2 2 2 3 2 2 2 
2 3 2 3 2 2 2 2 3 2 
3 3 3 2 3 2 3 2 3 2 
3 3 3 2 2 3 2 2 2 3 
3 3 3 3 2 2 2 2 3 3 
3 3 3 2 3 3 3 2 3 3 
3 3 3 3 2 3 3 3 2 3 
3 2 2 2 2 2 2 2 2 2 
3 3 2 2 3 3 2 2 2 2 
2 2 3 3 2 2 2 3 2 3 
Generation 26:
1 2 2 3 1 2 2 2 3 2 
2 2 3 2 2 2 3 3 2 2 
2 3 2 3 3 3 2 3 2 3 
3 3 3 2 2 2 2 2 3 2 
3 3 3 2 2 3 3 3 2 3 
3 3 3 3 2 3 2 3 2 3 
3 3 3 2 3 2 3 2 3 2 
3 3 3 2 3 2 2 2 2 2 
2 2 2 2 2 3 2 2 3 2 
2 2 2 2 2 2 2 3 3 2 
Generation 27:
3 2 2 3 2 2 2 3 2 2 
3 2 2 3 2 2 2 2 2 2 
3 3 3 2 3 2 3 2 3 3 
2 3 2 2 2 2 2 3 2 3 
3 3 3 2 2 2 3 2 3 2 
3 3 3 3 3 2 3 2 3 2 
3 3 3 3 2 3 2 3 3 3 
2 3 2 3 3 2 3 2 2 2 
2 3 2 3 2 3 2 2 2 2 
3 2 2 2 2 2 3 2 3 2 
Generation 28:
3 2 2 2 3 2 2 2 2 2 
3 2 2 3 2 2 2 2 2 2 
3 3 3 3 2 3 2 3 3 3 
3 3 3 2 2 2 3 2 3 2 
2 3 2 2 2 2 2 3 2 3 
3 3 3 3 2 3 2 3 2 3 
3 3 3 3 3 3 3 3 3 3 
2 3 3 3 2 3 2 2 2 2 
2 3 3 2 3 3 3 2 2 2 
2 2 2 3 3 2 2 3 2 3 
Generation 29:
3 2 1 3 2 2 2 2 2 2 
2 2 2 3 2 2 3 2 2 2 
3 3 3 2 3 3 3 2 3 3 
2 3 2 2 3 2 3 3 2 3 
3 2 3 2 1 2 2 3 3 2 
3 3 3 2 3 2 3 2 3 3 
3 3 3 3 3 3 2 3 3 3 
2 3 3 2 3 2 3 2 3 2 
2 2 2 3 2 3 2 2 2 2 
2 2 2 3 3 2 2 3 3 2 
Generation 30:
2 2 2 3 2 3 2 2 2 2 
3 2 2 2 2 2 2 3 2 2 
3 3 3 3 2 3 3 3 2 3 
3 2 3 3 2 3 2 2 3 3 
3 3 2 2 2 2 3 2 2 3 
3 3 3 3 2 3 2 3 3 3 
3 3 3 3 3 2 3 2 3 3 
2 2 2 3 2 3 3 3 2 2 
3 3 2 2 3 3 2 2 3 3 
3 2 2 3 2 2 2 2 3 3 
Generation 31:
3 2 2 2 3 2 2 2 2 3 
2 2 2 3 3 3 2 2 3 2 
3 3 3 2 2 2 3 2 3 2 
3 3 2 2 3 2 3 2 2 3 
3 2 3 3 2 3 2 2 3 3 
3 3 3 2 3 3 3 2 3 3 
3 3 3 3 2 3 2 3 2 3 
3 3 2 3 3 2 3 2 3 3 
3 2 2 3 3 2 2 2 2 3 
2 2 2 2 2 3 2 2 2 3 
Generation 32:
2 2 2 2 3 3 3 2 2 2 
3 3 2 2 3 2 2 2 2 2 
2 3 2 2 3 2 2 3 2 3 
3 2 3 2 2 3 3 2 3 2 
3 3 2 2 3 2 3 2 2 3 
3 3 3 3 2 3 2 3 2 3 
3 3 3 2 3 3 3 2 3 3 
3 2 3 3 2 3 2 3 2 3 
2 2 2 2 2 2 2 3 2 3 
3 2 2 2 3 3 2 1 2 2 
Generation 33:
2 2 2 2 3 3 2 2 3 2 
2 2 2 2 3 2 3 3 3 2 
3 2 2 2 2 2 2 3 3 2 
2 3 1 2 3 2 2 3 3 3 
3 2 3 2 3 3 3 2 2 2 
3 3 3 2 3 3 3 2 3 3 
3 3 3 3 2 3 2 3 2 3 
2 3 2 2 3 2 3 3 3 3 
3 2 2 3 2 2 2 2 3 2 
3 3 2 3 2 2 2 3 2 2 
Generation 34:
2 3 2 2 2 2 2 3 2 2 
2 3 2 2 2 3 2 3 3 2 
3 2 2 1 3 2 2 3 3 3 
3 3 2 2 2 2 2 2 3 2 
2 3 2 2 3 3 2 2 3 3 
3 3 3 3 2 3 2 3 3 3 
3 3 3 2 3 3 3 2 3 3 
3 2 2 3 2 3 2 3 3 2 
2 3 2 3 2 3 2 3 3 3 
2 2 3 2 2 2 3 3 3 2 
Generation 35:
2 3 2 2 2 2 2 2 3 2 
2 2 3 2 2 3 2 3 2 2 
2 3 2 2 2 2 3 2 3 3 
2 2 2 3 3 2 2 2 3 3 
3 3 2 2 2 2 2 2 3 2 
3 3 3 2 3 2 3 2 3 3 
3 3 2 3 2 3 2 3 3 3 
2 3 2 2 3 3 3 2 3 3 
3 3 3 2 2 3 3 3 3 2 
2 3 2 2 2 2 2 3 2 2 
Generation 36:
2 3 2 3 3 3 3 3 3 2 
2 3 3 2 2 3 3 3 3 3 
2 1 2 2 2 2 3 3 2 2 
2 3 2 2 2 2 2 2 3 2 
2 2 2 2 3 2 2 2 3 3 
3 3 2 3 3 3 2 3 3 3 
3 3 3 2 3 2 3 2 3 3 
3 2 2 2 2 3 2 3 3 2 
2 3 2 3 2 2 3 3 2 3 
2 3 2 2 2 2 2 3 3 2 
Generation 37:
3 3 3 3 3 3 3 3 3 2 
3 2 2 2 2 2 3 3 3 2 
2 3 2 2 2 2 2 2 3 3 
3 2 2 2 3 2 2 2 3 2 
2 2 3 2 3 2 3 2 3 2 
3 2 3 3 3 2 3 2 3 3 
3 3 2 3 3 3 3 3 3 3 
2 3 2 2 2 3 3 2 2 3 
3 3 2 2 2 2 3 3 3 2 
3 2 2 3 2 2 3 3 2 2 
Generation 38:
3 3 2 3 3 3 3 3 2 3 
3 3 3 2 2 2 2 3 3 3 
3 3 2 2 3 2 2 2 3 2 
3 2 2 2 3 2 2 2 3 3 
3 3 2 3 3 3 2 3 3 2 
2 3 2 3 3 3 2 3 3 3 
3 2 3 2 3 3 3 3 3 3 
3 3 2 2 2 2 3 3 3 2 
2 2 2 3 2 2 3 3 2 3 
3 3 2 2 2 2 3 3 3 2 
Generation 39:
3 3 3 2 3 3 3 3 3 2 
3 3 2 2 3 2 2 2 3 3 
3 2 2 2 3 2 2 2 3 3 
3 3 2 2 3 2 1 2 3 3 
2 2 3 2 3 2 3 2 3 3 
3 2 3 2 3 3 3 3 3 2 
2 3 1 3 2 3 3 3 3 3 
2 2 2 2 2 2 3 3 2 3 
3 3 2 3 2 3 3 3 3 3 
2 2 2 3 2 2 3 3 3 3 
Generation 40:
2 3 3 3 2 3 3 3 3 3 
3 2 2 2 3 2 2 2 3 3 
3 3 2 3 3 2 3 2 3 3 
3 2 2 2 3 2 2 2 3 3 
3 2 2 3 2 3 2 3 3 2 
2 3 2 3 2 3 3 3 3 3 
3 2 3 2 3 2 3 3 3 2 
2 3 2 2 3 3 3 3 3 3 
3 2 3 2 3 2 3 3 3 3 
3 2 2 3 2 3 3 3 3 2 
Generation 41:
3 2 3 2 3 2 3 3 3 2 
2 3 2 3 2 2 2 2 3 3 
3 2 3 2 3 3 2 3 3 3 
3 2 2 3 2 2 2 2 3 3 
2 2 2 3 3 3 3 2 3 3 
3 1 3 2 3 2 3 3 3 2 
3 3 1 3 3 3 3 3 3 3 
3 2 3 2 3 2 3 3 3 2 
2 3 2 3 2 3 3 3 3 3 
2 2 3 3 3 2 3 3 3 3 
Generation 42:
3 3 2 3 2 3 2 3 3 3 
3 2 3 3 3 2 3 3 3 2 
2 3 2 3 3 2 3 2 3 3 
2 2 2 3 3 3 3 2 3 3 
3 2 2 2 3 3 2 3 3 2 
2 3 2 3 3 3 3 3 3 3 
3 2 3 3 3 3 3 3 3 2 
3 3 2 3 2 3 3 3 3 3 
3 3 3 2 3 2 3 3 3 2 
2 2 2 3 2 3 3 3 3 2 
Generation 43:
3 2 3 3 3 2 3 3 3 2 
2 3 3 3 2 3 2 3 3 3 
3 2 3 3 3 3 2 3 3 2 
2 2 3 2 3 3 2 3 3 2 
2 2 2 3 3 3 3 2 3 3 
3 3 3 2 3 3 3 3 3 2 
3 3 2 3 3 3 3 3 3 3 
3 2 3 3 3 2 3 3 3 3 
2 3 2 3 1 3 3 3 3 3 
2 3 2 3 3 2 3 3 3 2 
Generation 44:
3 3 2 3 2 3 2 3 3 3 
3 2 3 3 3 2 3 3 3 2 
3 3 3 3 3 3 3 3 3 3 
3 2 2 3 3 3 3 2 3 2 
2 2 3 2 3 3 2 3 3 2 
2 3 3 3 3 3 3 3 3 3 
3 2 3 2 3 3 3 3 3 3 
2 3 3 3 2 3 3 3 3 3 
3 2 3 3 3 3 3 3 3 2 
2 3 3 3 2 3 3 3 3 2 
Generation 45:
3 2 3 3 3 2 3 3 3 3 
3 3 2 3 2 3 2 3 3 3 
3 3 3 3 3 3 3 3 3 3 
3 2 3 2 3 3 2 3 3 3 
2 2 3 3 3 3 3 2 3 2 
3 2 3 3 3 3 3 3 3 2 
3 3 3 3 2 3 3 3 3 3 
3 3 3 2 3 3 3 3 3 2 
2 3 3 3 3 3 3 3 3 3 
3 2 3 3 3 3 3 3 3 2 
Generation 46:
3 3 2 3 2 3 2 3 3 3 
3 2 3 3 3 2 3 3 3 3 
3 3 3 3 3 3 2 3 3 3 
2 3 3 3 3 3 3 2 3 3 
3 3 3 3 3 3 2 3 3 2 
2 3 3 3 3 3 3 3 3 3 
3 3 3 2 3 3 3 3 3 3 
2 3 3 3 2 3 3 3 3 3 
3 2 3 3 3 3 3 3 3 3 
2 3 3 3 3 3 3 3 3 3 
Generation 47:
3 2 3 3 3 2 3 3 3 3 
3 3 2 3 2 3 2 3 3 3 
3 3 3 3 3 2 3 2 3 3 
3 3 3 3 3 3 3 3 3 2 
3 3 3 3 3 3 3 2 3 3 
3 3 3 3 3 3 3 3 3 2 
2 3 3 3 2 3 3 3 3 3 
3 2 3 2 3 3 3 3 3 3 
2 3 3 3 3 3 3 3 3 3 
3 2 3 3 3 3 3 3 3 3 
Generation 48:
3 3 2 3 2 3 2 3 3 3 
3 2 3 3 3 3 3 2 3 3 
3 3 3 3 2 3 2 3 3 3 
3 3 3 3 3 3 3 2 3 3 
3 3 3 3 3 3 3 3 3 3 
2 3 3 3 3 3 3 3 3 3 
3 2 3 2 3 3 3 3 3 2 
2 3 3 3 2 3 3 3 3 3 
3 2 3 3 3 3 3 3 3 3 
2 3 3 3 3 3 3 3 3 3 
Generation 49:
3 2 3 3 3 3 3 2 3 3 
3 3 2 3 2 3 2 3 3 3 
3 3 3 3 3 2 3 2 3 3 
3 3 3 3 3 3 2 3 3 3 
3 3 3 3 3 3 3 3 3 3 
3 2 3 3 3 3 3 3 3 2 
2 3 3 3 2 3 3 3 3 3 
3 2 3 2 3 3 3 3 3 2 
2 3 3 3 3 3 3 3 3 3 
3 2 3 3 3 3 3 3 3 3 
Generation 50:
3 3 2 3 3 3 2 3 3 3 
3 2 3 2 3 2 3 2 3 3 
3 3 3 3 2 3 2 3 3 3 
3 3 3 3 3 2 3 2 3 3 
3 3 3 3 3 3 3 3 3 3 
2 3 3 3 3 3 3 3 3 3 
3 2 3 2 3 3 3 3 3 2 
2 3 3 3 2 3 3 3 3 3 
3 2 3 3 3 3 3 3 3 2 
2 3 3 3 3 3 3 3 3 3 
Generation 51:
3 2 3 2 3 2 3 2 3 3 
3 3 3 3 3 3 2 3 3 3 
3 3 3 2 3 2 3 2 3 3 
3 3 3 3 2 3 2 3 3 3 
3 3 3 3 3 3 3 3 3 3 
3 2 3 3 3 3 3 3 3 2 
2 3 3 3 2 3 3 3 3 3 
3 2 3 2 3 3 3 3 3 2 
2 3 3 3 3 3 3 3 3 3 
3 2 3 3 3 3 3 3 3 2 
Generation 52:
3 3 2 3 3 3 2 3 3 3 
3 3 3 3 3 2 3 2 3 3 
3 3 3 3 2 3 1 3 3 3 
3 3 3 2 3 2 3 2 3 3 
3 3 3 3 3 3 3 3 3 3 
2 3 3 3 3 3 3 3 3 3 
3 2 3 2 3 3 3 3 3 2 
2 3 2 3 2 3 3 3 3 3 
3 2 3 3 3 3 3 3 3 2 
2 3 3 3 3 3 3 3 3 3 
Generation 53:
3 3 3 3 3 2 3 2 3 3 
3 3 3 3 2 3 3 3 3 3 
3 3 3 2 3 2 3 2 3 3 
3 3 3 3 2 3 2 3 3 3 
3 3 3 3 3 3 3 3 3 3 
3 2 3 3 3 3 3 3 3 2 
3 3 3 3 2 3 3 3 3 3 
3 2 3 2 3 3 3 3 3 2 
3 3 2 3 3 3 3 3 3 3 
3 2 3 3 3 3 3 3 3 2 
Generation 54:
3 3 3 3 2 3 3 3 3 3 
3 3 3 2 3 3 3 3 3 3 
3 3 3 3 3 3 2 3 3 3 
3 3 3 2 3 2 3 2 3 3 
3 3 3 3 3 3 3 3 3 3 
2 3 3 3 3 3 3 3 3 3 
3 3 3 2 3 3 3 3 3 3 
2 3 2 3 2 3 3 3 3 3 
3 2 3 2 3 3 3 3 3 2 
3 3 2 3 3 3 3 3 3 3 
Generation 55:
3 3 3 2 3 3 3 3 3 3 
3 3 3 3 2 3 3 3 3 3 
3 3 3 3 3 2 3 2 3 3 
3 3 3 3 3 3 2 3 3 3 
3 3 3 3 3 3 3 3 3 3 
3 3 3 3 3 3 3 3 3 3 
3 3 2 3 2 3 3 3 3 3 
3 3 3 2 3 3 3 3 3 2 
2 3 1 3 2 3 3 3 3 3 
3 2 3 2 3 3 3 3 3 3 
Generation 56:
3 3 3 3 2 3 3 3 3 3 
3 3 3 2 3 2 3 3 3 3 
3 3 3 3 2 3 2 3 3 3 
3 3 3 3 3 2 3 2 3 3 
3 3 3 3 3 3 3 3 3 3 
3 3 3 3 3 3 3 3 3 3 
3 3 3 3 3 3 3 3 3 3 
2 3 2 3 3 3 3 3 3 3 
3 2 3 3 3 3 3 3 3 2 
2 3 2 3 2 3 3 3 3 3 
Generation 57:
3 3 3 2 3 2 3 3 3 3 
3 3 3 3 1 3 2 3 3 3 
3 3 3 2 3 3 3 2 3 3 
3 3 3 3 2 3 2 3 3 3 
3 3 3 3 3 3 3 3 3 3 
3 3 3 3 3 3 3 3 3 3 
3 3 3 3 3 3 3 3 3 3 
3 3 3 3 3 3 3 3 3 2 
1 3 2 3 3 3 3 3 3 3 
3 2 3 3 3 3 3 3 3 2 
Generation 58:
3 3 3 3 2 3 2 3 3 3 
3 3 3 2 3 2 3 2 3 3 
3 3 3 3 2 3 2 3 3 3 
3 3 3 2 3 3 3 2 3 3 
3 3 3 3 3 3 3 3 3 3 
3 3 3 3 3 3 3 3 3 3 
3 3 3 3 3 3 3 3 3 3 
2 3 3 3 3 3 3 3 3 3 
3 2 3 3 3 3 3 3 3 2 
2 3 2 3 3 3 3 3 3 3 
Generation 59:
3 3 3 2 3 2 3 2 3 3 
3 3 3 3 1 3 3 3 3 3 
3 3 3 3 3 2 3 2 3 3 
3 3 3 3 2 3 2 3 3 3 
3 3 3 3 3 3 3 3 3 3 
3 3 3 3 3 3 3 3 3 3 
3 3 3 3 3 3 3 3 3 3 
3 2 3 3 3 3 3 3 3 2 
2 3 2 3 3 3 3 3 3 3 
3 2 3 3 3 3 3 3 3 2 
Generation 60:
3 3 3 3 2 3 3 3 3 3 
3 3 3 2 3 2 3 3 3 3 
3 3 3 3 2 3 2 3 3 3 
3 3 3 3 3 2 3 2 3 3 
3 3 3 3 3 3 3 3 3 3 
3 3 3 3 3 3 3 3 3 3 
3 3 3 3 3 3 3 3 3 3 
2 3 2 3 3 3 3 3 3 3 
3 2 3 3 3 3 3 3 3 2 
3 3 2 3 3 3 3 3 3 3 
Generation 61:
3 3 3 2 3 2 3 3 3 3 
3 3 3 3 2 3 2 3 3 3 
3 3 3 2 3 3 3 2 3 3 
3 3 3 3 2 3 2 3 3 3 
3 3 3 3 3 3 3 3 3 3 
3 3 3 3 3 3 3 3 3 3 
3 3 3 3 3 3 3 3 3 3 
3 2 3 3 3 3 3 3 3 2 
3 3 2 3 3 3 3 3 3 3 
3 2 3 3 3 3 3 3 3 3 
Generation 62:
3 3 3 3 3 3 2 3 3 3 
3 3 3 2 3 2 3 2 3 3 
3 3 3 3 2 3 3 3 3 3 
3 3 3 2 3 3 3 2 3 3 
3 3 3 3 3 3 3 3 3 3 
3 3 3 3 3 3 3 3 3 3 
3 3 3 3 3 3 3 3 3 3 
3 3 2 3 3 3 3 3 3 3 
3 2 3 3 3 3 3 3 3 3 
3 3 2 3 3 3 3 3 3 3 
Generation 63:
3 3 3 3 3 2 3 2 3 3 
3 3 3 3 2 3 3 3 3 3 
3 3 3 2 3 2 3 2 3 3 
3 3 3 3 2 3 3 3 3 3 
3 3 3 3 3 3 3 3 3 3 
3 3 3 3 3 3 3 3 3 3 
3 3 3 3 3 3 3 3 3 3 
3 2 3 3 3 3 3 3 3 3 
3 3 2 3 3 3 3 3 3 3 
3 2 3 3 3 3 3 3 3 3 
Generation 64:
3 3 3 3 2 3 3 3 3 3 
3 3 3 2 3 2 3 3 3 3 
3 3 3 3 3 3 3 3 3 3 
3 3 3 2 3 2 3 3 3 3 
3 3 3 3 3 3 3 3 3 3 
3 3 3 3 3 3 3 3 3 3 
3 3 3 3 3 3 3 3 3 3 
3 3 2 3 3 3 3 3 3 3 
3 2 3 3 3 3 3 3 3 3 
3 3 2 3 3 3 3 3 3 3 
Generation 65:
3 3 3 2 3 2 3 3 3 3 
3 3 3 3 2 3 3 3 3 3 
3 3 3 2 3 3 3 3 3 3 
3 3 3 3 3 3 3 3 3 3 
3 3 3 3 3 3 3 3 3 3 
3 3 3 3 3 3 3 3 3 3 
3 3 3 3 3 3 3 3 3 3 
3 2 3 3 3 3 3 3 3 3 
3 3 3 3 3 3 3 3 3 3 
3 2 3 3 3 3 3 3 3 3 
Generation 66:
3 3 3 3 2 3 3 3 3 3 
3 3 3 2 3 2 3 3 3 3 
3 3 3 3 2 3 3 3 3 3 
3 3 3 3 3 3 3 3 3 3 
3 3 3 3 3 3 3 3 3 3 
3 3 3 3 3 3 3 3 3 3 
3 3 3 3 3 3 3 3 3 3 
3 3 3 3 3 3 3 3 3 3 
3 3 3 3 3 3 3 3 3 3 
3 3 3 3 3 3 3 3 3 3 
Generation 67:
3 3 3 2 3 2 3 3 3 3 
3 3 3 3 2 3 3 3 3 3 
3 3 3 2 3 2 3 3 3 3 
3 3 3 3 3 3 3 3 3 3 
3 3 3 3 3 3 3 3 3 3 
3 3 3 3 3 3 3 3 3 3 
3 3 3 3 3 3 3 3 3 3 
3 3 3 3 3 3 3 3 3 3 
3 3 3 3 3 3 3 3 3 3 
3 3 3 3 3 3 3 3 3 3 
Generation 68:
3 3 3 3 2 3 3 3 3 3 
3 3 3 2 3 3 3 3 3 3 
3 3 3 3 3 3 3 3 3 3 
3 3 3 3 3 3 3 3 3 3 
3 3 3 3 3 3 3 3 3 3 
3 3 3 3 3 3 3 3 3 3 
3 3 3 3 3 3 3 3 3 3 
3 3 3 3 3 3 3 3 3 3 
3 3 3 3 3 3 3 3 3 3 
3 3 3 3 3 3 3 3 3 3 
Generation 69:
3 3 3 2 3 3 3 3 3 3 
3 3 3 3 2 3 3 3 3 3 
3 3 3 3 3 3 3 3 3 3 
3 3 3 3 3 3 3 3 3 3 
3 3 3 3 3 3 3 3 3 3 
3 3 3 3 3 3 3 3 3 3 
3 3 3 3 3 3 3 3 3 3 
3 3 3 3 3 3 3 3 3 3 
3 3 3 3 3 3 3 3 3 3 
3 3 3 3 3 3 3 3 3 3 
Generation 70:
3 3 3 3 2 3 3 3 3 3 
3 3 3 2 3 3 3 3 3 3 
3 3 3 3 3 3 3 3 3 3 
3 3 3 3 3 3 3 3 3 3 
3 3 3 3 3 3 3 3 3 3 
3 3 3 3 3 3 3 3 3 3 
3 3 3 3 3 3 3 3 3 3 
3 3 3 3 3 3 3 3 3 3 
3 3 3 3 3 3 3 3 3 3 
3 3 3 3 3 3 3 3 3 3 
Generation 71:
3 3 3 2 3 3 3 3 3 3 
3 3 3 3 2 3 3 3 3 3 
3 3 3 3 3 3 3 3 3 3 
3 3 3 3 3 3 3 3 3 3 
3 3 3 3 3 3 3 3 3 3 
3 3 3 3 3 3 3 3 3 3 
3 3 3 3 3 3 3 3 3 3 
3 3 3 3 3 3 3 3 3 3 
3 3 3 3 3 3 3 3 3 3 
3 3 3 3 3 3 3 3 3 3 
Generation 72:
3 3 3 3 2 3 3 3 3 3 
3 3 3 2 3 3 3 3 3 3 
3 3 3 3 3 3 3 3 3 3 
3 3 3 3 3 3 3 3 3 3 
3 3 3 3 3 3 3 3 3 3 
3 3 3 3 3 3 3 3 3 3 
3 3 3 3 3 3 3 3 3 3 
3 3 3 3 3 3 3 3 3 3 
3 3 3 3 3 3 3 3 3 3 
3 3 3 3 3 3 3 3 3 3 
Generation 73:
3 3 3 2 3 3 3 3 3 3 
3 3 3 3 2 3 3 3 3 3 
3 3 3 3 3 3 3 3 3 3 
3 3 3 3 3 3 3 3 3 3 
3 3 3 3 3 3 3 3 3 3 
3 3 3 3 3 3 3 3 3 3 
3 3 3 3 3 3 3 3 3 3 
3 3 3 3 3 3 3 3 3 3 
3 3 3 3 3 3 3 3 3 3 
3 3 3 3 3 3 3 3 3 3 
Generation 74:
3 3 3 3 2 3 3 3 3 3 
3 3 3 2 3 3 3 3 3 3 
3 3 3 3 3 3 3 3 3 3 
3 3 3 3 3 3 3 3 3 3 
3 3 3 3 3 3 3 3 3 3 
3 3 3 3 3 3 3 3 3 3 
3 3 3 3 3 3 3 3 3 3 
3 3 3 3 3 3 3 3 3 3 
3 3 3 3 3 3 3 3 3 3 
3 3 3 3 3 3 3 3 3 3 
Generation 75:
3 3 3 2 3 3 3 3 3 3 
3 3 3 3 2 3 3 3 3 3 
3 3 3 3 3 3 3 3 3 3 
3 3 3 3 3 3 3 3 3 3 
3 3 3 3 3 3 3 3 3 3 
3 3 3 3 3 3 3 3 3 3 
3 3 3 3 3 3 3 3 3 3 
3 3 3 3 3 3 3 3 3 3 
3 3 3 3 3 3 3 3 3 3 
3 3 3 3 3 3 3 3 3 3 
Generation 76:
3 3 3 3 2 3 3 3 3 3 
3 3 3 2 3 3 3 3 3 3 
3 3 3 3 3 3 3 3 3 3 
3 3 3 3 3 3 3 3 3 3 
3 3 3 3 3 3 3 3 3 3 
3 3 3 3 3 3 3 3 3 3 
3 3 3 3 3 3 3 3 3 3 
3 3 3 3 3 3 3 3 3 3 
3 3 3 3 3 3 3 3 3 3 
3 3 3 3 3 3 3 3 3 3 
Generation 77:
3 3 3 2 3 3 3 3 3 3 
3 3 3 3 2 3 3 3 3 3 
3 3 3 3 3 3 3 3 3 3 
3 3 3 3 3 3 3 3 3 3 
3 3 3 3 3 3 3 3 3 3 
3 3 3 3 3 3 3 3 3 3 
3 3 3 3 3 3 3 3 3 3 
3 3 3 3 3 3 3 3 3 3 
3 3 3 3 3 3 3 3 3 3 
3 3 3 3 3 3 3 3 3 3 
Generation 78:
3 3 3 3 2 3 3 3 3 3 
3 3 3 2 3 3 3 3 3 3 
3 3 3 3 3 3 3 3 3 3 
3 3 3 3 3 3 3 3 3 3 
3 3 3 3 3 3 3 3 3 3 
3 3 3 3 3 3 3 3 3 3 
3 3 3 3 3 3 3 3 3 3 
3 3 3 3 3 3 3 3 3 3 
3 3 3 3 3 3 3 3 3 3 
3 3 3 3 3 3 3 3 3 3 
Generation 79:
3 3 3 2 3 3 3 3 3 3 
3 3 3 3 2 3 3 3 3 3 
3 3 3 3 3 3 3 3 3 3 
3 3 3 3 3 3 3 3 3 3 
3 3 3 3 3 3 3 3 3 3 
3 3 3 3 3 3 3 3 3 3 
3 3 3 3 3 3 3 3 3 3 
3 3 3 3 3 3 3 3 3 3 
3 3 3 3 3 3 3 3 3 3 
3 3 3 3 3 3 3 3 3 3 
Generation 80:
3 3 3 3 2 3 3 3 3 3 
3 3 3 2 3 3 3 3 3 3 
3 3 3 3 3 3 3 3 3 3 
3 3 3 3 3 3 3 3 3 3 
3 3 3 3 3 3 3 3 3 3 
3 3 3 3 3 3 3 3 3 3 
3 3 3 3 3 3 3 3 3 3 
3 3 3 3 3 3 3 3 3 3 
3 3 3 3 3 3 3 3 3 3 
3 3 3 3 3 3 3 3 3 3 
Generation 81:
3 3 3 2 3 3 3 3 3 3 
3 3 3 3 2 3 3 3 3 3 
3 3 3 3 3 3 3 3 3 3 
3 3 3 3 3 3 3 3 3 3 
3 3 3 3 3 3 3 3 3 3 
3 3 3 3 3 3 3 3 3 3 
3 3 3 3 3 3 3 3 3 3 
3 3 3 3 3 3 3 3 3 3 
3 3 3 3 3 3 3 3 3 3 
3 3 3 3 3 3 3 3 3 3 
Generation 82:
3 3 3 3 2 3 3 3 3 3 
3 3 3 2 3 3 3 3 3 3 
3 3 3 3 3 3 3 3 3 3 
3 3 3 3 3 3 3 3 3 3 
3 3 3 3 3 3 3 3 3 3 
3 3 3 3 3 3 3 3 3 3 
3 3 3 3 3 3 3 3 3 3 
3 3 3 3 3 3 3 3 3 3 
3 3 3 3 3 3 3 3 3 3 
3 3 3 3 3 3 3 3 3 3 
Generation 83:
3 3 3 2 3 3 3 3 3 3 
3 3 3 3 2 3 3 3 3 3 
3 3 3 3 3 3 3 3 3 3 
3 3 3 3 3 3 3 3 3 3 
3 3 3 3 3 3 3 3 3 3 
3 3 3 3 3 3 3 3 3 3 
3 3 3 3 3 3 3 3 3 3 
3 3 3 3 3 3 3 3 3 3 
3 3 3 3 3 3 3 3 3 3 
3 3 3 3 3 3 3 3 3 3 
Generation 84:
3 3 3 3 2 3 3 3 3 3 
3 3 3 2 3 3 3 3 3 3 
3 3 3 3 3 3 3 3 3 3 
3 3 3 3 3 3 3 3 3 3 
3 3 3 3 3 3 3 3 3 3 
3 3 3 3 3 3 3 3 3 3 
3 3 3 3 3 3 3 3 3 3 
3 3 3 3 3 3 3 3 3 3 
3 3 3 3 3 3 3 3 3 3 
3 3 3 3 3 3 3 3 3 3 
Generation 85:
3 3 3 2 3 3 3 3 3 3 
3 3 3 3 2 3 3 3 3 3 
3 3 3 3 3 3 3 3 3 3 
3 3 3 3 3 3 3 3 3 3 
3 3 3 3 3 3 3 3 3 3 
3 3 3 3 3 3 3 3 3 3 
3 3 3 3 3 3 3 3 3 3 
3 3 3 3 3 3 3 3 3 3 
3 3 3 3 3 3 3 3 3 3 
3 3 3 3 3 3 3 3 3 3 
Generation 86:
3 3 3 3 2 3 3 3 3 3 
3 3 3 2 3 3 3 3 3 3 
3 3 3 3 3 3 3 3 3 3 
3 3 3 3 3 3 3 3 3 3 
3 3 3 3 3 3 3 3 3 3 
3 3 3 3 3 3 3 3 3 3 
3 3 3 3 3 3 3 3 3 3 
3 3 3 3 3 3 3 3 3 3 
3 3 3 3 3 3 3 3 3 3 
3 3 3 3 3 3 3 3 3 3 
Generation 87:
3 3 3 2 3 3 3 3 3 3 
3 3 3 3 2 3 3 3 3 3 
3 3 3 3 3 3 3 3 3 3 
3 3 3 3 3 3 3 3 3 3 
3 3 3 3 3 3 3 3 3 3 
3 3 3 3 3 3 3 3 3 3 
3 3 3 3 3 3 3 3 3 3 
3 3 3 3 3 3 3 3 3 3 
3 3 3 3 3 3 3 3 3 3 
3 3 3 3 3 3 3 3 3 3 
Generation 88:
3 3 3 3 2 3 3 3 3 3 
3 3 3 2 3 3 3 3 3 3 
3 3 3 3 3 3 3 3 3 3 
3 3 3 3 3 3 3 3 3 3 
3 3 3 3 3 3 3 3 3 3 
3 3 3 3 3 3 3 3 3 3 
3 3 3 3 3 3 3 3 3 3 
3 3 3 3 3 3 3 3 3 3 
3 3 3 3 3 3 3 3 3 3 
3 3 3 3 3 3 3 3 3 3 
Generation 89:
3 3 3 2 3 3 3 3 3 3 
3 3 3 3 2 3 3 3 3 3 
3 3 3 3 3 3 3 3 3 3 
3 3 3 3 3 3 3 3 3 3 
3 3 3 3 3 3 3 3 3 3 
3 3 3 3 3 3 3 3 3 3 
3 3 3 3 3 3 3 3 3 3 
3 3 3 3 3 3 3 3 3 3 
3 3 3 3 3 3 3 3 3 3 
3 3 3 3 3 3 3 3 3 3 
Generation 90:
3 3 3 3 2 3 3 3 3 3 
3 3 3 2 3 3 3 3 3 3 
3 3 3 3 3 3 3 3 3 3 
3 3 3 3 3 3 3 3 3 3 
3 3 3 3 3 3 3 3 3 3 
3 3 3 3 3 3 3 3 3 3 
3 3 3 3 3 3 3 3 3 3 
3 3 3 3 3 3 3 3 3 3 
3 3 3 3 3 3 3 3 3 3 
3 3 3 3 3 3 3 3 3 3 
Generation 91:
3 3 3 2 3 3 3 3 3 3 
3 3 3 3 2 3 3 3 3 3 
3 3 3 3 3 3 3 3 3 3 
3 3 3 3 3 3 3 3 3 3 
3 3 3 3 3 3 3 3 3 3 
3 3 3 3 3 3 3 3 3 3 
3 3 3 3 3 3 3 3 3 3 
3 3 3 3 3 3 3 3 3 3 
3 3 3 3 3 3 3 3 3 3 
3 3 3 3 3 3 3 3 3 3 
Generation 92:
3 3 3 3 2 3 3 3 3 3 
3 3 3 2 3 3 3 3 3 3 
3 3 3 3 3 3 3 3 3 3 
3 3 3 3 3 3 3 3 3 3 
3 3 3 3 3 3 3 3 3 3 
3 3 3 3 3 3 3 3 3 3 
3 3 3 3 3 3 3 3 3 3 
3 3 3 3 3 3 3 3 3 3 
3 3 3 3 3 3 3 3 3 3 
3 3 3 3 3 3 3 3 3 3 
Generation 93:
3 3 3 2 3 3 3 3 3 3 
3 3 3 3 2 3 3 3 3 3 
3 3 3 3 3 3 3 3 3 3 
3 3 3 3 3 3 3 3 3 3 
3 3 3 3 3 3 3 3 3 3 
3 3 3 3 3 3 3 3 3 3 
3 3 3 3 3 3 3 3 3 3 
3 3 3 3 3 3 3 3 3 3 
3 3 3 3 3 3 3 3 3 3 
3 3 3 3 3 3 3 3 3 3 
Generation 94:
3 3 3 3 2 3 3 3 3 3 
3 3 3 2 3 3 3 3 3 3 
3 3 3 3 3 3 3 3 3 3 
3 3 3 3 3 3 3 3 3 3 
3 3 3 3 3 3 3 3 3 3 
3 3 3 3 3 3 3 3 3 3 
3 3 3 3 3 3 3 3 3 3 
3 3 3 3 3 3 3 3 3 3 
3 3 3 3 3 3 3 3 3 3 
3 3 3 3 3 3 3 3 3 3 
Generation 95:
3 3 3 2 3 3 3 3 3 3 
3 3 3 3 2 3 3 3 3 3 
3 3 3 3 3 3 3 3 3 3 
3 3 3 3 3 3 3 3 3 3 
3 3 3 3 3 3 3 3 3 3 
3 3 3 3 3 3 3 3 3 3 
3 3 3 3 3 3 3 3 3 3 
3 3 3 3 3 3 3 3 3 3 
3 3 3 3 3 3 3 3 3 3 
3 3 3 3 3 3 3 3 3 3 
Generation 96:
3 3 3 3 2 3 3 3 3 3 
3 3 3 2 3 3 3 3 3 3 
3 3 3 3 3 3 3 3 3 3 
3 3 3 3 3 3 3 3 3 3 
3 3 3 3 3 3 3 3 3 3 
3 3 3 3 3 3 3 3 3 3 
3 3 3 3 3 3 3 3 3 3 
3 3 3 3 3 3 3 3 3 3 
3 3 3 3 3 3 3 3 3 3 
3 3 3 3 3 3 3 3 3 3 
Generation 97:
3 3 3 2 3 3 3 3 3 3 
3 3 3 3 2 3 3 3 3 3 
3 3 3 3 3 3 3 3 3 3 
3 3 3 3 3 3 3 3 3 3 
3 3 3 3 3 3 3 3 3 3 
3 3 3 3 3 3 3 3 3 3 
3 3 3 3 3 3 3 3 3 3 
3 3 3 3 3 3 3 3 3 3 
3 3 3 3 3 3 3 3 3 3 
3 3 3 3 3 3 3 3 3 3 
Generation 98:
3 3 3 3 2 3 3 3 3 3 
3 3 3 2 3 3 3 3 3 3 
3 3 3 3 3 3 3 3 3 3 
3 3 3 3 3 3 3 3 3 3 
3 3 3 3 3 3 3 3 3 3 
3 3 3 3 3 3 3 3 3 3 
3 3 3 3 3 3 3 3 3 3 
3 3 3 3 3 3 3 3 3 3 
3 3 3 3 3 3 3 3 3 3 
3 3 3 3 3 3 3 3 3 3 
Generation 99:
3 3 3 2 3 3 3 3 3 3 
3 3 3 3 2 3 3 3 3 3 
3 3 3 3 3 3 3 3 3 3 
3 3 3 3 3 3 3 3 3 3 
3 3 3 3 3 3 3 3 3 3 
3 3 3 3 3 3 3 3 3 3 
3 3 3 3 3 3 3 3 3 3 
3 3 3 3 3 3 3 3 3 3 
3 3 3 3 3 3 3 3 3 3 
3 3 3 3 3 3 3 3 3 3 
Generation 100:
3 3 3 3 2 3 3 3 3 3 
3 3 3 2 3 3 3 3 3 3 
3 3 3 3 3 3 3 3 3 3 
3 3 3 3 3 3 3 3 3 3 
3 3 3 3 3 3 3 3 3 3 
3 3 3 3 3 3 3 3 3 3 
3 3 3 3 3 3 3 3 3 3 
3 3 3 3 3 3 3 3 3 3 
3 3 3 3 3 3 3 3 3 3 
3 3 3 3 3 3 3 3 3 3 
